[[-361,-425,-367,381,-264,473,411,-218,-376,-74,-83,329,-367,313,-397,402,-245,-437,-177,-453,324,142,-319,160,16,488,-297,120,-156,489,91,325,115,180,50,-193,230,424,198,-75,333,-408,425,-103,-460,-188,-43,268,302,-173,186],
[-314,199,363,116,325,-331,79,189,-317,-156,297,-66,282,272,-292,35,-84,10,-217,-130,-232,-283,-61,168,418,146,247,343,-234,95,463,5,-68,-367,-371,-257,-355,244,114,-134,311,-443,-448,-461,402,-472,1,-279,-315,-30,204],
[-420,166,-299,43,317,-415,139,-482,29,375,188,269,-389,416,73,-470,110,88,-168,-40,-310,273,-83,-348,-175,-332,-376,383,76,428,53,165,-136,-263,443,493,328,292,366,79,-12,-352,-368,450,366,-40,92,484,7,-479,-292],
[-255,142,240,249,-492,-153,-108,-446,37,367,0,-363,-35,415,299,-180,240,269,-487,-120,236,-188,344,-359,98,-250,-463,18,-274,-415,28,72,-190,326,376,184,-256,200,462,-284,-328,85,417,211,31,-232,-141,352,485,379,-303]]

found at 
[3,10]
3

10
42

[[-361,-425,-367,381,-264,473,411,-218,-376,-74,0,329,-367,313,-397,402,-245,-437,-177,-453,324,142,-319,160,16,488,-297,120,-156,489,91,325,115,180,50,-193,230,424,198,-75,333,-408,0,-103,-460,-188,-43,268,302,-173,186],
[-314,199,363,116,325,-331,79,189,-317,-156,0,-66,282,272,-292,35,-84,10,-217,-130,-232,-283,-61,168,418,146,247,343,-234,95,463,5,-68,-367,-371,-257,-355,244,114,-134,311,-443,0,-461,402,-472,1,-279,-315,-30,204],
[-420,166,-299,43,317,-415,139,-482,29,375,0,269,-389,416,73,-470,110,88,-168,-40,-310,273,-83,-348,-175,-332,-376,383,76,428,53,165,-136,-263,443,493,328,292,366,79,-12,-352,0,450,366,-40,92,484,7,-479,-292],
[0,0,0,0,0,0,0,0,0,0,0,0,0,0,0,0,0,0,0,0,0,0,0,0,0,0,0,0,0,0,0,0,0,0,0,0,0,0,0,0,0,0,0,0,0,0,0,0,0,0,0]]

[[-361,-425,-367,381,-264,473,411,-218,-376,-74,0,329,-367,313,-397,402,-245,-437,-177,-453,324,142,-319,160,16,488,-297,120,-156,489,91,325,115,180,50,-193,230,424,198,-75,333,-408,425,-103,-460,-188,-43,268,302,-173,186],[-314,199,363,116,325,-331,79,189,-317,-156,0,-66,282,272,-292,35,-84,10,-217,-130,-232,-283,-61,168,418,146,247,343,-234,95,463,5,-68,-367,-371,-257,-355,244,114,-134,311,-443,-448,-461,402,-472,1,-279,-315,-30,204],[-420,166,-299,43,317,-415,139,-482,29,375,0,269,-389,416,73,-470,110,88,-168,-40,-310,273,-83,-348,-175,-332,-376,383,76,428,53,165,-136,-263,443,493,328,292,366,79,-12,-352,-368,450,366,-40,92,484,7,-479,-292],[0,0,0,0,0,0,0,0,0,0,0,0,0,0,0,0,0,0,0,0,0,0,0,0,0,0,0,0,0,0,0,0,0,0,0,0,0,0,0,0,0,0,0,0,0,0,0,0,0,0,0]]